1747392956024 3.0562193393707275 0
1747393005531 2.0721004009246826 1
1747393054239 1.8045148849487305 2
1747393102962 1.5700854063034058 3
1747393151813 1.3598378896713257 4
1747393201330 1.222844123840332 5
1747393250085 1.1357309818267822 6
1747393298698 1.0958032608032227 7
1747393347291 1.0279284715652466 8
1747393395773 1.047427773475647 9
1747393444357 1.0014013051986694 10
1747393492944 1.011513590812683 11
1747393541438 0.9954938888549805 12
1747393590038 0.9435381293296814 13
1747393638329 0.9771780967712402 14
1747393686667 0.985898494720459 15
1747393735645 0.965106725692749 16
1747393784115 0.9127975702285767 17
1747393832532 0.9216405749320984 18
1747393880969 0.9227015972137451 19
1747393929587 0.7488816380500793 20
1747393978452 0.748829185962677 21
1747394026854 0.8238989114761353 22
1747394075175 0.7718756198883057 23
1747394123721 0.7395168542861938 24
1747394172167 0.6863735318183899 25
1747394220719 0.809969425201416 26
1747394269316 0.6931677460670471 27
1747394318125 0.7224952578544617 28
1747394366776 0.5789550542831421 29
1747394415452 0.5687824487686157 30
1747394463916 0.715636670589447 31
1747394512379 0.5681108832359314 32
1747394561080 0.7233319282531738 33
1747394609531 0.6043419241905212 34
1747394657837 0.7091118097305298 35
1747394706633 0.5968208909034729 36
1747394755006 0.6405231356620789 37
1747394803355 0.5459423661231995 38
1747394852084 0.6044856309890747 39
1747394900319 0.5984870791435242 40
1747394948616 0.5785394906997681 41
1747394997109 0.6507456302642822 42
1747395045490 0.4868832528591156 43
1747395093866 0.49773332476615906 44
1747395142335 0.5402194261550903 45
1747395190790 0.5708881616592407 46
1747395239467 0.5169298648834229 47
1747395287841 0.5184007287025452 48
1747395336309 0.4850931465625763 49
1747395384958 0.5392150282859802 50
1747395433268 0.7319523692131042 51
1747395481873 0.6308508515357971 52
1747395530455 0.5376824140548706 53
1747395578787 0.5541087985038757 54
1747395627077 0.551450252532959 55
1747395675639 0.5051156878471375 56
1747395723934 0.6639865636825562 57
1747395772345 0.4815857410430908 58
1747395820757 0.4920901358127594 59
1747395869300 0.47933757305145264 60
1747395917863 0.42951256036758423 61
1747395966253 0.4904264807701111 62
1747396014536 0.5737969875335693 63
1747396062921 0.44275689125061035 64
1747396111806 0.4659118950366974 65
1747396160221 0.5169984698295593 66
1747396208837 0.6291195750236511 67
1747396257328 0.576198399066925 68
1747396305946 0.5086973309516907 69
1747396354334 0.4670078754425049 70
1747396402933 0.5158819556236267 71
1747396451364 0.4760880470275879 72
1747396499753 0.4859400987625122 73
1747396548245 0.5026066303253174 74
1747396596763 0.4056600034236908 75
1747396645169 0.49122166633605957 76
1747396693428 0.4591754078865051 77
1747396741758 0.4217894375324249 78
1747396790268 0.43500691652297974 79
1747396838730 0.406635582447052 80
1747396887042 0.49908551573753357 81
1747396935508 0.507267415523529 82
1747396984010 0.473299115896225 83
1747397032419 0.44000086188316345 84
1747397080831 0.46451160311698914 85
1747397129457 0.476663738489151 86
1747397178495 0.42387276887893677 87
1747397226945 0.4464603066444397 88
1747397275551 0.4643893837928772 89
1747397324006 0.4578632712364197 90
1747397372387 0.4178301990032196 91
1747397420698 0.3870580196380615 92
1747397469089 0.35836583375930786 93
1747397517424 0.3442900776863098 94
1747397566078 0.35659682750701904 95
1747397614661 0.4043523371219635 96
1747397663062 0.42043638229370117 97
1747397711587 0.36566174030303955 98
1747397759984 0.344242662191391 99
1747397808620 0.3795192241668701 100
1747397856902 0.5287057757377625 101
1747397905325 0.3889758884906769 102
1747397953799 0.3655000329017639 103
1747398002455 0.37729310989379883 104
1747398050910 0.3935207426548004 105
1747398099397 0.38463836908340454 106
1747398147825 0.44591057300567627 107
1747398196468 0.4033932387828827 108
1747398244811 0.4000708758831024 109
1747398293190 0.33806702494621277 110
1747398342587 0.4723491668701172 111
1747398391245 0.38576582074165344 112
1747398439687 0.36031797528266907 113
1747398488396 0.32343336939811707 114
1747398537244 0.33132752776145935 115
1747398586013 0.3494114279747009 116
1747398634389 0.3288078308105469 117
1747398683114 0.33230122923851013 118
1747398731974 0.35491910576820374 119
1747398780755 0.32349810004234314 120
1747398829050 0.314365416765213 121
1747398877717 0.40106916427612305 122
1747398926186 0.38635072112083435 123
1747398974574 0.42385950684547424 124
1747399023202 0.40757474303245544 125
1747399071554 0.40191537141799927 126
1747399119992 0.3411378562450409 127
1747399168387 0.3344796895980835 128
1747399216722 0.3466596007347107 129
1747399265233 0.33341720700263977 130
1747399313901 0.3201536536216736 131
1747399362707 0.3348698616027832 132
1747399411099 0.3534490466117859 133
1747399459704 0.3252354562282562 134
1747399507946 0.3400883674621582 135
1747399556752 0.3432510495185852 136
1747399605164 0.34714025259017944 137
1747399653623 0.3619249761104584 138
1747399702015 0.3637517988681793 139
1747399750313 0.3389940559864044 140
1747399798690 0.3380205035209656 141
1747399847185 0.3251210153102875 142
1747399895502 0.3339637815952301 143
1747399944088 0.3304220736026764 144
1747399992864 0.32767415046691895 145
1747400041333 0.326818585395813 146
1747400089707 0.3280128538608551 147
1747400138102 0.2981981337070465 148
1747400186868 0.3067197799682617 149
1747400235509 0.3123747706413269 150
1747400283879 0.3047628402709961 151
1747400332347 0.2965772747993469 152
1747400381047 0.3118089735507965 153
1747400429349 0.31012701988220215 154
1747400477614 0.31222110986709595 155
1747400526296 0.2924078106880188 156
1747400574750 0.3006100058555603 157
1747400623798 0.2927527129650116 158
1747400672616 0.2902154326438904 159
1747400722088 0.2888215184211731 160
1747400770458 0.2895190417766571 161
1747400818865 0.3063755929470062 162
1747400867066 0.2937241196632385 163
1747400915879 0.2980826199054718 164
1747400964399 0.3530642092227936 165
1747401012662 0.31213074922561646 166
1747401061203 0.3017610013484955 167
1747401109674 0.328554630279541 168
1747401158224 0.29042574763298035 169
1747401207030 0.3228618800640106 170
1747401255377 0.3140455484390259 171
1747401303673 0.30521494150161743 172
1747401352025 0.2978750467300415 173
1747401400569 0.30248165130615234 174
1747401449046 0.2912147045135498 175
1747401497693 0.283770889043808 176
1747401546153 0.28778842091560364 177
1747401595305 0.28999194502830505 178
1747401643713 0.2857511639595032 179
1747401692276 0.28496745228767395 180
1747401740885 0.27812397480010986 181
1747401789666 0.2785729467868805 182
1747401838003 0.2796471416950226 183
1747401886586 0.28021910786628723 184
1747401934986 0.28322452306747437 185
1747401983456 0.27801454067230225 186
1747402031853 0.28071802854537964 187
1747402080210 0.29208070039749146 188
1747402128812 0.273863822221756 189
1747402177450 0.2817001938819885 190
1747402225779 0.2967115044593811 191
1747402274264 0.29245227575302124 192
1747402322938 0.27118077874183655 193
1747402371256 0.2725926339626312 194
1747402420045 0.2742648422718048 195
1747402468465 0.2727738320827484 196
1747402516940 0.2696565091609955 197
1747402565688 0.2816672921180725 198
1747402614359 0.2746581733226776 199
1747402662750 0.27180081605911255 200
1747402711300 0.27026596665382385 201
1747402759998 0.2711285948753357 202
1747402808569 0.27161258459091187 203
1747402857166 0.2747102975845337 204
1747402905971 0.2786387503147125 205
1747402954277 0.2766043245792389 206
1747403002883 0.2707645893096924 207
1747403051188 0.2726997435092926 208
1747403099815 0.277367502450943 209
1747403148659 0.2813152074813843 210
1747403196992 0.26839902997016907 211
1747403245964 0.27094218134880066 212
1747403294624 0.27707645297050476 213
1747403343401 0.26651298999786377 214
1747403391788 0.2678774297237396 215
1747403440230 0.270873486995697 216
1747403488701 0.26460689306259155 217
1747403537600 0.2699649930000305 218
1747403586330 0.2643681466579437 219
1747403634813 0.28969907760620117 220
1747403683339 0.26466047763824463 221
1747403731916 0.27043062448501587 222
1747403780765 0.26948365569114685 223
1747403829117 0.26357248425483704 224
1747403877338 0.2714903652667999 225
1747403925894 0.2651178240776062 226
1747403974256 0.26560553908348083 227
1747404022522 0.26187342405319214 228
1747404071328 0.26342928409576416 229
1747404119763 0.2657108008861542 230
1747404168033 0.2675953209400177 231
1747404216483 0.26514044404029846 232
1747404264864 0.2623904347419739 233
1747404313363 0.2633931636810303 234
1747404362096 0.2618764340877533 235
1747404410698 0.26347318291664124 236
1747404459246 0.2623969316482544 237
1747404507995 0.2634813189506531 238
1747404556400 0.26382389664649963 239
1747404604762 0.27850279211997986 240
1747404653398 0.2705567479133606 241
1747404701789 0.2583884000778198 242
1747404750623 0.26304951310157776 243
1747404799508 0.2654563784599304 244
