1747381289496 3.0254669189453125 0
1747381337392 2.0795655250549316 1
1747381384559 1.7931137084960938 2
1747381431980 1.5653001070022583 3
1747381479337 1.3570038080215454 4
1747381526546 1.223825454711914 5
1747381573848 1.1478036642074585 6
1747381621682 1.1138955354690552 7
1747381669033 1.076927900314331 8
1747381716014 1.0352131128311157 9
1747381763165 1.0290724039077759 10
1747381810417 1.03762686252594 11
1747381857670 1.0103905200958252 12
1747381904655 0.9943782687187195 13
1747381951488 0.964971661567688 14
1747381998555 0.9686437249183655 15
1747382045747 0.9500282406806946 16
1747382092911 0.8668025135993958 17
1747382140277 0.8202356696128845 18
1747382187405 0.8414847254753113 19
1747382234244 0.8290396928787231 20
1747382281160 0.7802277207374573 21
1747382328338 0.707652747631073 22
1747382375401 0.7964408993721008 23
1747382423011 0.7134754061698914 24
1747382469836 0.660058319568634 25
1747382516737 0.673740029335022 26
1747382563704 0.6313035488128662 27
1747382610577 0.7400594353675842 28
1747382657613 0.6238105893135071 29
1747382704887 0.5560488104820251 30
1747382752031 0.623376190662384 31
1747382799035 0.7184531092643738 32
1747382846408 0.6486225724220276 33
1747382893386 0.5308473110198975 34
1747382940241 0.5329343676567078 35
1747382987210 0.5594695210456848 36
1747383034330 0.5823942422866821 37
1747383081746 0.5088541507720947 38
1747383128856 0.5499826669692993 39
1747383176201 0.5292477607727051 40
1747383223009 0.42562729120254517 41
1747383270216 0.4478318691253662 42
1747383317038 0.694118857383728 43
1747383364082 0.6749117374420166 44
1747383411190 0.5735423564910889 45
1747383458170 0.6255085468292236 46
1747383505103 0.52044278383255 47
1747383552227 0.5457279086112976 48
1747383599033 0.5185183882713318 49
1747383645991 0.8333115577697754 50
1747383692874 0.5905708074569702 51
1747383740389 0.4425294101238251 52
1747383787518 0.4586494565010071 53
1747383834461 0.48524266481399536 54
1747383881494 0.536432147026062 55
1747383928445 0.6576276421546936 56
1747383975412 0.5800427794456482 57
1747384022289 0.5474492311477661 58
1747384069434 0.4330739378929138 59
1747384116321 0.4481120705604553 60
1747384163243 0.3884827792644501 61
1747384210846 0.4164349138736725 62
1747384257684 0.6030122637748718 63
1747384304771 0.49715903401374817 64
1747384352082 0.49249207973480225 65
1747384399057 0.518121600151062 66
1747384445866 0.4619888663291931 67
1747384493094 0.4119195342063904 68
1747384540053 0.5461859703063965 69
1747384587147 0.5341538190841675 70
1747384634097 0.4938926696777344 71
1747384681108 0.5228913426399231 72
1747384728039 0.41270139813423157 73
1747384774953 0.3964765667915344 74
1747384821678 0.46786561608314514 75
1747384868757 0.46883484721183777 76
1747384915908 0.49687889218330383 77
1747384962715 0.4235374927520752 78
1747385009848 0.41550979018211365 79
1747385056960 0.5078795552253723 80
1747385103756 0.4342021644115448 81
1747385150722 0.4579915404319763 82
1747385198202 0.42146801948547363 83
1747385245021 0.4354203939437866 84
1747385291988 0.43522825837135315 85
1747385339278 0.4536479115486145 86
1747385386256 0.4021986424922943 87
1747385433413 0.37086769938468933 88
1747385480283 0.3715316951274872 89
1747385527790 0.3714561462402344 90
1747385574679 0.42653241753578186 91
1747385621511 0.395126074552536 92
1747385668413 0.3750573992729187 93
1747385715598 0.4233867824077606 94
1747385762449 0.4160473346710205 95
1747385809436 0.3809799253940582 96
1747385856762 0.3587784767150879 97
1747385903760 0.3530806303024292 98
1747385950901 0.3639378547668457 99
1747385997984 0.36010387539863586 100
1747386044795 0.3656764626502991 101
1747386091982 0.3313245475292206 102
1747386139197 0.40462231636047363 103
1747386186116 0.4360579252243042 104
1747386233393 0.44505879282951355 105
1747386280186 0.35655203461647034 106
1747386327170 0.38171565532684326 107
1747386374164 0.3494175672531128 108
1747386421156 0.37225714325904846 109
1747386467982 0.4661555290222168 110
1747386514925 0.45528444647789 111
1747386561830 0.4251575767993927 112
1747386608913 0.34729576110839844 113
1747386656149 0.39935916662216187 114
1747386703016 0.39915522933006287 115
1747386750147 0.386574387550354 116
1747386797332 0.4428550601005554 117
1747386844168 0.3411107063293457 118
1747386891798 0.3507747948169708 119
1747386938861 0.3713245093822479 120
1747386985770 0.37267279624938965 121
1747387032771 0.35979828238487244 122
1747387079593 0.44125306606292725 123
1747387126610 0.3728254735469818 124
1747387174084 0.3510567545890808 125
1747387221796 0.332881897687912 126
1747387268795 0.3240525722503662 127
1747387315872 0.35433709621429443 128
1747387362725 0.34363508224487305 129
1747387409611 0.32380059361457825 130
1747387456530 0.3514156639575958 131
1747387503314 0.38864678144454956 132
1747387550140 0.34155696630477905 133
1747387597106 0.3512134552001953 134
1747387644291 0.33346834778785706 135
1747387691340 0.38602960109710693 136
1747387738403 0.39809638261795044 137
1747387785417 0.3360852301120758 138
1747387832597 0.3466781973838806 139
1747387879652 0.3174387216567993 140
1747387926669 0.3239368796348572 141
1747387974040 0.31265759468078613 142
1747388021101 0.31100767850875854 143
1747388067867 0.3194211423397064 144
1747388114799 0.3493695855140686 145
1747388161745 0.32507678866386414 146
1747388208726 0.3041783571243286 147
1747388256135 0.30346664786338806 148
1747388303304 0.30676597356796265 149
1747388350156 0.3498815894126892 150
1747388397142 0.3076501190662384 151
1747388444550 0.30282312631607056 152
1747388491376 0.33257126808166504 153
1747388538448 0.31642189621925354 154
1747388585446 0.3145650327205658 155
1747388632310 0.34980863332748413 156
1747388679233 0.32084596157073975 157
1747388726278 0.3071841895580292 158
1747388773506 0.30219244956970215 159
1747388820670 0.29855918884277344 160
1747388867907 0.29789528250694275 161
1747388914936 0.3374708890914917 162
1747388961785 0.3058263659477234 163
1747389008572 0.31278306245803833 164
1747389055722 0.293378621339798 165
1747389102508 0.2942070960998535 166
1747389149640 0.29248982667922974 167
1747389196832 0.2989950478076935 168
1747389243674 0.2919243574142456 169
1747389290464 0.29430317878723145 170
1747389337759 0.30620381236076355 171
1747389384803 0.3100312054157257 172
1747389431954 0.2956911325454712 173
1747389478877 0.2955957353115082 174
1747389526237 0.2871105670928955 175
1747389573693 0.3118252754211426 176
1747389620605 0.3144265115261078 177
1747389667669 0.3078874349594116 178
1747389714593 0.3003535270690918 179
1747389761839 0.30167096853256226 180
1747389808696 0.29752087593078613 181
1747389855919 0.28981709480285645 182
1747389902805 0.30103856325149536 183
1747389949641 0.2862219512462616 184
1747389996544 0.3182298243045807 185
1747390043509 0.2872953414916992 186
1747390090421 0.2892252504825592 187
1747390137380 0.2931448221206665 188
1747390184704 0.28288397192955017 189
1747390232118 0.2835002839565277 190
1747390279333 0.2821708619594574 191
1747390326381 0.27947619557380676 192
1747390373595 0.27541032433509827 193
1747390420392 0.2937777042388916 194
1747390467777 0.2802267372608185 195
1747390514852 0.27691182494163513 196
1747390561958 0.28995802998542786 197
1747390609002 0.2827034890651703 198
1747390656135 0.2912594974040985 199
1747390703144 0.2887282967567444 200
1747390750301 0.2757565975189209 201
1747390797135 0.2782052457332611 202
1747390844300 0.2721097469329834 203
1747390891350 0.284454882144928 204
1747390938225 0.2785860598087311 205
1747390985117 0.27332156896591187 206
1747391032380 0.2747263014316559 207
1747391079327 0.27423107624053955 208
1747391126520 0.27791205048561096 209
1747391173526 0.274177223443985 210
1747391220456 0.2722080945968628 211
1747391267299 0.2674582898616791 212
1747391314297 0.2823556959629059 213
1747391361542 0.28483402729034424 214
1747391408479 0.27666807174682617 215
1747391455284 0.27357855439186096 216
1747391502481 0.2713736891746521 217
1747391549441 0.27174362540245056 218
1747391596644 0.2735031545162201 219
1747391643623 0.2710328698158264 220
1747391690675 0.26629045605659485 221
1747391737548 0.2729174792766571 222
1747391784474 0.2665156424045563 223
1747391831852 0.2686447203159332 224
1747391878872 0.27009496092796326 225
1747391925856 0.26984018087387085 226
1747391972703 0.26509004831314087 227
1747392019908 0.26994025707244873 228
1747392066943 0.27864840626716614 229
1747392115830 0.2744569182395935 230
1747392164651 0.2705811858177185 231
1747392211691 0.2658100426197052 232
1747392258503 0.2681845426559448 233
1747392305642 0.27163493633270264 234
1747392352814 0.27276381850242615 235
1747392399816 0.2644779086112976 236
1747392446731 0.28049129247665405 237
1747392494163 0.2674836218357086 238
1747392541111 0.26996269822120667 239
1747392588031 0.2743092477321625 240
1747392634817 0.2609253227710724 241
1747392681957 0.2773264944553375 242
1747392728905 0.26586806774139404 243
1747392775681 0.2616843283176422 244
1747392822848 0.28083592653274536 245
1747392869665 0.26544466614723206 246
