1747369299388 2.96454119682312 0
1747369348713 2.053365707397461 1
1747369397211 1.740812063217163 2
1747369445675 1.4968029260635376 3
1747369494181 1.313391089439392 4
1747369542432 1.1877485513687134 5
1747369590904 1.1168349981307983 6
1747369639306 1.0697499513626099 7
1747369687479 1.0236953496932983 8
1747369735941 1.0087686777114868 9
1747369784523 1.0242958068847656 10
1747369833229 0.9906710982322693 11
1747369881597 0.9773727059364319 12
1747369930205 0.9737470746040344 13
1747369978469 0.9333996772766113 14
1747370026918 0.9433678388595581 15
1747370075366 0.9380331635475159 16
1747370123740 0.8793994188308716 17
1747370171876 0.8364295363426208 18
1747370220301 0.8758195638656616 19
1747370268895 0.7506734728813171 20
1747370317626 0.7521329522132874 21
1747370366014 0.6936680674552917 22
1747370414136 0.6402599215507507 23
1747370462362 0.6947962641716003 24
1747370510488 0.628466010093689 25
1747370558889 0.519926130771637 26
1747370607073 0.5920771956443787 27
1747370655328 0.6182119250297546 28
1747370704869 0.6091421842575073 29
1747370755128 0.5522800087928772 30
1747370803330 0.5785536170005798 31
1747370851630 0.6696786880493164 32
1747370900232 0.49504026770591736 33
1747370948371 0.5526315569877625 34
1747370996704 0.5554553866386414 35
1747371045092 0.6202240586280823 36
1747371093339 0.48149827122688293 37
1747371141719 0.42332080006599426 38
1747371190414 0.5377057194709778 39
1747371238624 0.5666072368621826 40
1747371286871 0.5600425601005554 41
1747371335190 0.5360411405563354 42
1747371383315 0.47706425189971924 43
1747371431556 0.4873829185962677 44
1747371480008 0.47399356961250305 45
1747371528305 0.43746519088745117 46
1747371576693 0.46092838048934937 47
1747371624899 0.5724473595619202 48
1747371672992 0.6007595658302307 49
1747371721346 0.5000205039978027 50
1747371769527 0.5259683728218079 51
1747371817739 0.4721052944660187 52
1747371865958 0.5693351030349731 53
1747371914015 0.5007923245429993 54
1747371962136 0.4710657000541687 55
1747372010415 0.5111933350563049 56
1747372058585 0.5190026760101318 57
1747372106836 0.4655359387397766 58
1747372155018 0.4984184801578522 59
1747372203066 0.5199570655822754 60
1747372251424 0.4248455762863159 61
1747372299805 0.4644012451171875 62
1747372347917 0.47113510966300964 63
1747372396198 0.43637213110923767 64
1747372445183 0.40226951241493225 65
1747372493321 0.4798729121685028 66
1747372541684 0.4816683828830719 67
1747372590221 0.3922247886657715 68
1747372638380 0.3707025647163391 69
1747372686915 0.3934907019138336 70
1747372735407 0.4291694164276123 71
1747372783575 0.4734698235988617 72
1747372831827 0.4411209225654602 73
1747372880274 0.5675235986709595 74
1747372928692 0.45169201493263245 75
1747372976896 0.438411682844162 76
1747373025002 0.4178186058998108 77
1747373073312 0.42066672444343567 78
1747373121510 0.4281827211380005 79
1747373169893 0.4378460943698883 80
1747373218048 0.41703903675079346 81
1747373266265 0.401797354221344 82
1747373314423 0.4187757074832916 83
1747373363083 0.3697827160358429 84
1747373411516 0.3719266951084137 85
1747373459715 0.3461824059486389 86
1747373508295 0.37530457973480225 87
1747373556461 0.3445431888103485 88
1747373605070 0.34920430183410645 89
1747373653288 0.5003212690353394 90
1747373702080 0.4888231158256531 91
1747373750216 0.3956579566001892 92
1747373798373 0.34264975786209106 93
1747373846734 0.3547835350036621 94
1747373894730 0.4076727032661438 95
1747373942967 0.4555889964103699 96
1747373991169 0.49760016798973083 97
1747374039274 0.40750375390052795 98
1747374087489 0.3672991394996643 99
1747374135853 0.339552104473114 100
1747374184218 0.3352396488189697 101
1747374232579 0.33951008319854736 102
1747374280819 0.39197614789009094 103
1747374329170 0.3634997606277466 104
1747374377896 0.35346290469169617 105
1747374426198 0.32829323410987854 106
1747374474598 0.3526495099067688 107
1747374523483 0.4216022491455078 108
1747374571905 0.4360668361186981 109
1747374620310 0.4297952353954315 110
1747374668572 0.3424462378025055 111
1747374716646 0.36770159006118774 112
1747374764927 0.3578294515609741 113
1747374813162 0.41961562633514404 114
1747374861416 0.35263916850090027 115
1747374909617 0.33004143834114075 116
1747374958468 0.3270357847213745 117
1747375006590 0.35547932982444763 118
1747375054952 0.3799281120300293 119
1747375103357 0.3410828113555908 120
1747375151834 0.3348768353462219 121
1747375200138 0.32130852341651917 122
1747375248559 0.31670206785202026 123
1747375296894 0.31567004323005676 124
1747375345141 0.30928733944892883 125
1747375393597 0.38410285115242004 126
1747375441708 0.35999593138694763 127
1747375489997 0.40720629692077637 128
1747375538230 0.3505115807056427 129
1747375586374 0.3447693884372711 130
1747375634496 0.35444656014442444 131
1747375682523 0.35620787739753723 132
1747375730900 0.31685933470726013 133
1747375779059 0.3191569745540619 134
1747375827346 0.3093551993370056 135
1747375875608 0.3041325807571411 136
1747375923722 0.3338069021701813 137
1747375971820 0.31851425766944885 138
1747376020126 0.37481582164764404 139
1747376068525 0.35951629281044006 140
1747376116644 0.315633624792099 141
1747376165076 0.3388640880584717 142
1747376213339 0.31899023056030273 143
1747376261497 0.2992517650127411 144
1747376309902 0.30057522654533386 145
1747376357967 0.29805466532707214 146
1747376406094 0.2968745827674866 147
1747376454500 0.3007749915122986 148
1747376502813 0.2944425046443939 149
1747376550862 0.29799675941467285 150
1747376599194 0.2991199195384979 151
1747376647402 0.2901695966720581 152
1747376695598 0.29046326875686646 153
1747376744003 0.3009566366672516 154
1747376792323 0.29858991503715515 155
1747376840587 0.284531831741333 156
1747376888963 0.2862021028995514 157
1747376937272 0.32714053988456726 158
1747376985842 0.3357771039009094 159
1747377034056 0.2960219383239746 160
1747377082363 0.3084719479084015 161
1747377130688 0.2948966920375824 162
1747377179189 0.28844505548477173 163
1747377228641 0.287967711687088 164
1747377277118 0.28512436151504517 165
1747377325330 0.2832620143890381 166
1747377373442 0.30887728929519653 167
1747377421674 0.29656440019607544 168
1747377469851 0.2843683063983917 169
1747377518033 0.2832757234573364 170
1747377566352 0.31329426169395447 171
1747377615071 0.2866850197315216 172
1747377663458 0.2820863425731659 173
1747377711920 0.2804836630821228 174
1747377760066 0.2828829884529114 175
1747377810173 0.2765694856643677 176
1747377860371 0.2824802100658417 177
1747377908703 0.2786999046802521 178
1747377957158 0.27724528312683105 179
1747378005521 0.2716340124607086 180
1747378053608 0.2699369788169861 181
1747378102123 0.2730056345462799 182
1747378150676 0.2758575975894928 183
1747378198778 0.27234697341918945 184
1747378247185 0.274081289768219 185
1747378295602 0.28630760312080383 186
1747378343859 0.2706472873687744 187
1747378392315 0.27233341336250305 188
1747378440592 0.28121739625930786 189
1747378488693 0.28846582770347595 190
1747378536982 0.2686479687690735 191
1747378585344 0.26530635356903076 192
1747378633642 0.2774544060230255 193
1747378681785 0.27856749296188354 194
1747378729842 0.266294002532959 195
1747378777871 0.2725975513458252 196
1747378826879 0.2659026086330414 197
1747378874894 0.2664329707622528 198
1747378923225 0.2631083130836487 199
1747378971487 0.2780537009239197 200
1747379019782 0.2669500410556793 201
1747379068119 0.2636075019836426 202
1747379116808 0.26698216795921326 203
1747379165259 0.26574262976646423 204
1747379213893 0.26381954550743103 205
1747379262374 0.26498380303382874 206
1747379310498 0.2651445269584656 207
1747379359048 0.261294424533844 208
1747379407239 0.26498016715049744 209
1747379455512 0.2658277451992035 210
1747379504365 0.2730240523815155 211
1747379552611 0.2610456347465515 212
1747379600974 0.26201409101486206 213
1747379649134 0.26193803548812866 214
1747379697447 0.2611619234085083 215
1747379745895 0.2643188238143921 216
1747379794350 0.26118507981300354 217
1747379842837 0.2587752342224121 218
1747379890903 0.2624426484107971 219
1747379939465 0.26786959171295166 220
1747379987552 0.26294341683387756 221
1747380035957 0.26074644923210144 222
1747380084555 0.2656137943267822 223
1747380132927 0.25707271695137024 224
1747380180993 0.2570163905620575 225
1747380229646 0.2611742913722992 226
1747380277705 0.25792527198791504 227
1747380325963 0.2596648633480072 228
1747380374219 0.256942480802536 229
1747380422289 0.26447468996047974 230
1747380470787 0.2574319839477539 231
1747380519316 0.2607775032520294 232
1747380567574 0.2629516124725342 233
1747380616199 0.25366756319999695 234
1747380664445 0.2570919692516327 235
1747380713004 0.25919970870018005 236
1747380761680 0.26417502760887146 237
1747380810195 0.2637765407562256 238
1747380858780 0.2565418481826782 239
1747380907532 0.2599501609802246 240
1747380955784 0.25798672437667847 241
1747381004092 0.2595410645008087 242
1747381052287 0.2566963732242584 243
1747381100595 0.25908583402633667 244
1747381149004 0.26015913486480713 245
1747381197508 0.25906720757484436 246
