1747345703282 2.923837900161743 0
1747345756574 2.063338279724121 1
1747345808132 1.7813016176223755 2
1747345859413 1.5228453874588013 3
1747345911017 1.3324710130691528 4
1747345962850 1.214994192123413 5
1747346014835 1.127348780632019 6
1747346066098 1.0877197980880737 7
1747346116969 1.0716854333877563 8
1747346168839 1.0268840789794922 9
1747346221085 1.0195286273956299 10
1747346272415 1.0051738023757935 11
1747346323055 0.9968781471252441 12
1747346370495 0.9894341230392456 13
1747346418186 0.9440208077430725 14
1747346465755 0.9503567218780518 15
1747346513436 0.910826563835144 16
1747346560820 0.9220857620239258 17
1747346608166 0.813363254070282 18
1747346656052 0.8663286566734314 19
1747346703620 0.7773261070251465 20
1747346751021 0.6898840069770813 21
1747346798550 0.7651602625846863 22
1747346845879 0.780087947845459 23
1747346893511 0.6709883213043213 24
1747346941159 0.7048935294151306 25
1747346988743 0.6902356743812561 26
1747347036292 0.6384872198104858 27
1747347083807 0.5661367774009705 28
1747347131579 0.633955180644989 29
1747347178998 0.6210618615150452 30
1747347227007 0.6131452918052673 31
1747347274607 0.6454439163208008 32
1747347322633 0.6919575333595276 33
1747347370120 0.6870178580284119 34
1747347417815 0.5969759821891785 35
1747347465231 0.576075553894043 36
1747347512594 0.5043044090270996 37
1747347560331 0.46160072088241577 38
1747347607923 0.7484837770462036 39
1747347655540 0.5724844336509705 40
1747347703085 0.6230455040931702 41
1747347750662 0.5429267287254333 42
1747347798403 0.6128095388412476 43
1747347845885 0.4657617509365082 44
1747347893313 0.5409663319587708 45
1747347940705 0.5193952918052673 46
1747347988208 0.5895916819572449 47
1747348036080 0.5577911734580994 48
1747348083489 0.5011812448501587 49
1747348131054 0.46726107597351074 50
1747348178511 0.4411061108112335 51
1747348226310 0.46628132462501526 52
1747348274000 0.39204078912734985 53
1747348321467 0.4097226560115814 54
1747348369249 0.47822868824005127 55
1747348416757 0.40814799070358276 56
1747348464320 0.6315892338752747 57
1747348511635 0.5444133877754211 58
1747348559106 0.6552490592002869 59
1747348606504 0.592463493347168 60
1747348653905 0.574054479598999 61
1747348701695 0.5174867510795593 62
1747348749250 0.4626668393611908 63
1747348796998 0.4190964698791504 64
1747348844625 0.3939187526702881 65
1747348892190 0.5428547859191895 66
1747348939686 0.4715002775192261 67
1747348987293 0.43962550163269043 68
1747349034813 0.4703264534473419 69
1747349082172 0.47059085965156555 70
1747349129785 0.42101848125457764 71
1747349177205 0.4742906987667084 72
1747349224547 0.5189252495765686 73
1747349272215 0.41036269068717957 74
1747349319522 0.5050949454307556 75
1747349367074 0.3985494375228882 76
1747349414982 0.47309598326683044 77
1747349462335 0.389607697725296 78
1747349510061 0.4664560556411743 79
1747349557711 0.4117395877838135 80
1747349605307 0.41387060284614563 81
1747349652729 0.3994017541408539 82
1747349700546 0.5578232407569885 83
1747349747934 0.4321724772453308 84
1747349795441 0.3929692506790161 85
1747349842935 0.45985615253448486 86
1747349890479 0.4881224036216736 87
1747349938260 0.4777490198612213 88
1747349985763 0.430493026971817 89
1747350033264 0.36867210268974304 90
1747350081583 0.39189615845680237 91
1747350129074 0.39114412665367126 92
1747350176466 0.43332672119140625 93
1747350223732 0.43141791224479675 94
1747350271257 0.4799153506755829 95
1747350318582 0.41044381260871887 96
1747350366024 0.3998661935329437 97
1747350413404 0.39356639981269836 98
1747350460735 0.44482508301734924 99
1747350508154 0.40700986981391907 100
1747350555700 0.38719063997268677 101
1747350603293 0.41161125898361206 102
1747350650866 0.35142776370048523 103
1747350698240 0.3583314120769501 104
1747350746292 0.36219850182533264 105
1747350793764 0.39634591341018677 106
1747350841258 0.35049766302108765 107
1747350888846 0.36323824524879456 108
1747350936243 0.374198317527771 109
1747350983576 0.41700276732444763 110
1747351031650 0.37172931432724 111
1747351079034 0.3532424867153168 112
1747351126397 0.4410243630409241 113
1747351173955 0.39609023928642273 114
1747351221974 0.34037262201309204 115
1747351269262 0.32381656765937805 116
1747351316915 0.33008134365081787 117
1747351364348 0.3183818757534027 118
1747351411951 0.3545916676521301 119
1747351459894 0.4392765760421753 120
1747351507398 0.3890461325645447 121
1747351555138 0.3785746395587921 122
1747351602749 0.40739402174949646 123
1747351650419 0.39120951294898987 124
1747351697720 0.3518781363964081 125
1747351746527 0.34634292125701904 126
1747351794277 0.33380186557769775 127
1747351841612 0.306611031293869 128
1747351889028 0.31437405943870544 129
1747351936369 0.32248419523239136 130
1747351983802 0.32420068979263306 131
1747352031448 0.3297784924507141 132
1747352079071 0.37676677107810974 133
1747352126603 0.3780737519264221 134
1747352174082 0.39004456996917725 135
1747352221424 0.3427722156047821 136
1747352269040 0.31242382526397705 137
1747352316433 0.31196150183677673 138
1747352363904 0.3224380314350128 139
1747352411337 0.31865066289901733 140
1747352458857 0.3067582845687866 141
1747352506253 0.30436068773269653 142
1747352553770 0.29566946625709534 143
1747352601138 0.3098538815975189 144
1747352648756 0.2904420495033264 145
1747352696132 0.2979426980018616 146
1747352743458 0.30240535736083984 147
1747352790892 0.31312987208366394 148
1747352838564 0.31775856018066406 149
1747352885966 0.3423049747943878 150
1747352933363 0.31486207246780396 151
1747352980772 0.3124294579029083 152
1747353028106 0.3194029927253723 153
1747353075933 0.31291455030441284 154
1747353123397 0.3293688893318176 155
1747353170766 0.2956331968307495 156
1747353218210 0.3218032717704773 157
1747353265708 0.31070777773857117 158
1747353313242 0.29923757910728455 159
1747353360942 0.3144496977329254 160
1747353408325 0.3072274327278137 161
1747353455742 0.30074167251586914 162
1747353503317 0.31526097655296326 163
1747353550679 0.2922133207321167 164
1747353598311 0.2828073799610138 165
1747353645852 0.28006038069725037 166
1747353693336 0.29432421922683716 167
1747353740993 0.292743980884552 168
1747353788908 0.31113144755363464 169
1747353836711 0.3049427568912506 170
1747353884753 0.2829761207103729 171
1747353932243 0.2753874361515045 172
1747353979645 0.29038330912590027 173
1747354027222 0.2979206442832947 174
1747354074874 0.2884800136089325 175
1747354122260 0.2903493046760559 176
1747354169713 0.2769100069999695 177
1747354217190 0.27655595541000366 178
1747354264782 0.2876427471637726 179
1747354312265 0.3038495182991028 180
1747354359742 0.2827109396457672 181
1747354407139 0.29227709770202637 182
1747354454577 0.2839089334011078 183
1747354502287 0.27449625730514526 184
1747354550015 0.27019360661506653 185
1747354597849 0.27373895049095154 186
1747354645215 0.2720032334327698 187
1747354692998 0.2901698350906372 188
1747354740455 0.2810271680355072 189
1747354788044 0.27285459637641907 190
1747354835516 0.27496978640556335 191
1747354883080 0.2726202607154846 192
1747354930423 0.2673761248588562 193
1747354977858 0.26672524213790894 194
1747355025330 0.2665737271308899 195
1747355072777 0.2675228416919708 196
1747355120168 0.28352758288383484 197
1747355167572 0.27445048093795776 198
1747355214920 0.2702424228191376 199
1747355262670 0.2856544256210327 200
1747355310031 0.2665427327156067 201
1747355357587 0.27299854159355164 202
1747355405230 0.270219624042511 203
1747355452811 0.2672688066959381 204
1747355500384 0.26202496886253357 205
1747355547885 0.2691766023635864 206
1747355595402 0.2630045711994171 207
1747355642805 0.263447642326355 208
1747355690328 0.2746194899082184 209
1747355737654 0.26068755984306335 210
1747355785042 0.26397502422332764 211
1747355832463 0.266215443611145 212
1747355879878 0.2659880518913269 213
1747355927227 0.2752293348312378 214
1747355974945 0.28731998801231384 215
1747356022302 0.26899829506874084 216
1747356070120 0.2720760405063629 217
1747356117722 0.2617896497249603 218
1747356165263 0.2706858217716217 219
1747356212785 0.2594950497150421 220
1747356260374 0.26237940788269043 221
1747356308216 0.27436363697052 222
1747356355729 0.25830578804016113 223
1747356403546 0.2594042718410492 224
1747356451047 0.2591824233531952 225
1747356498544 0.26608094573020935 226
1747356545920 0.2649078667163849 227
1747356593349 0.2638184130191803 228
1747356640896 0.2729266285896301 229
1747356688441 0.2642184793949127 230
1747356735981 0.2629720866680145 231
1747356783467 0.2585334777832031 232
1747356831009 0.26296451687812805 233
1747356878445 0.26145657896995544 234
1747356925943 0.25823888182640076 235
1747356973689 0.2575967609882355 236
1747357021160 0.25659438967704773 237
1747357068680 0.25984635949134827 238
1747357116223 0.26087552309036255 239
1747357163908 0.25637978315353394 240
1747357211355 0.2657887041568756 241
1747357258754 0.27070048451423645 242
1747357306354 0.25890210270881653 243
