1747357394241 3.076570987701416 0
1747357442983 2.0582871437072754 1
1747357491546 1.7972160577774048 2
1747357539264 1.5521453619003296 3
1747357587014 1.318209171295166 4
1747357634791 1.1870383024215698 5
1747357682422 1.118591070175171 6
1747357730073 1.0791741609573364 7
1747357777674 1.0546000003814697 8
1747357825205 1.0197323560714722 9
1747357872744 1.0055513381958008 10
1747357920053 0.9955450892448425 11
1747357967798 0.9898016452789307 12
1747358015375 0.9527292251586914 13
1747358063376 0.9365209937095642 14
1747358111191 0.9299262762069702 15
1747358158611 0.9271035194396973 16
1747358206381 0.8982776403427124 17
1747358253718 0.8725111484527588 18
1747358301167 0.8202418088912964 19
1747358348667 0.7722717523574829 20
1747358396093 0.6850764155387878 21
1747358443973 0.7141332626342773 22
1747358491273 0.7391660213470459 23
1747358538719 0.6507629752159119 24
1747358586432 0.6256752014160156 25
1747358633710 0.592128574848175 26
1747358681305 0.5994070172309875 27
1747358728843 0.5076183676719666 28
1747358776799 0.6539170742034912 29
1747358824329 0.5471513867378235 30
1747358871868 0.5511144995689392 31
1747358919444 0.5360907316207886 32
1747358966853 0.5677801370620728 33
1747359014236 0.5568293929100037 34
1747359061653 0.6037662625312805 35
1747359108966 0.5534785985946655 36
1747359156860 0.46698054671287537 37
1747359204145 0.4965120851993561 38
1747359251916 0.4942261874675751 39
1747359299157 0.5377126932144165 40
1747359346844 0.6105770468711853 41
1747359394296 0.45544904470443726 42
1747359441559 0.5859511494636536 43
1747359488927 0.47278448939323425 44
1747359536377 0.5390795469284058 45
1747359583702 0.5309264659881592 46
1747359631298 0.5202383995056152 47
1747359678909 0.5270834565162659 48
1747359726206 0.45216813683509827 49
1747359773635 0.5355294346809387 50
1747359821227 0.48413172364234924 51
1747359868651 0.5053629279136658 52
1747359916378 0.47738590836524963 53
1747359964192 0.4706847369670868 54
1747360011461 0.45602694153785706 55
1747360059060 0.41208603978157043 56
1747360106769 0.3767279386520386 57
1747360154529 0.5704023838043213 58
1747360201871 0.5446814894676208 59
1747360249115 0.4256516993045807 60
1747360296393 0.6093292832374573 61
1747360343760 0.4721810817718506 62
1747360391007 0.44866883754730225 63
1747360438431 0.4389825463294983 64
1747360486157 0.36070647835731506 65
1747360533433 0.3659067749977112 66
1747360581027 0.5604632496833801 67
1747360628379 0.4562467038631439 68
1747360675832 0.5186706781387329 69
1747360723375 0.40498778223991394 70
1747360770692 0.4462161958217621 71
1747360817929 0.40668660402297974 72
1747360865457 0.37022659182548523 73
1747360912833 0.4543452262878418 74
1747360960264 0.4588717222213745 75
1747361007826 0.36603018641471863 76
1747361055528 0.3640289008617401 77
1747361103242 0.403439462184906 78
1747361150833 0.37215307354927063 79
1747361198136 0.4473400115966797 80
1747361245411 0.4137876033782959 81
1747361292675 0.3508056700229645 82
1747361340234 0.36914488673210144 83
1747361387466 0.4089880883693695 84
1747361434966 0.46788716316223145 85
1747361482234 0.4264109134674072 86
1747361529685 0.48691749572753906 87
1747361577046 0.5098533630371094 88
1747361624485 0.39981433749198914 89
1747361671798 0.3563375174999237 90
1747361719154 0.3696161210536957 91
1747361766448 0.3334287405014038 92
1747361813837 0.35024145245552063 93
1747361861078 0.3825262784957886 94
1747361908504 0.3847719728946686 95
1747361956238 0.42100760340690613 96
1747362003848 0.39295339584350586 97
1747362051307 0.42954474687576294 98
1747362098834 0.4502849578857422 99
1747362146256 0.40218839049339294 100
1747362193474 0.3967594504356384 101
1747362241159 0.33399850130081177 102
1747362288497 0.4001825749874115 103
1747362336016 0.39923903346061707 104
1747362383333 0.3512496054172516 105
1747362430828 0.32576489448547363 106
1747362478259 0.3201574683189392 107
1747362525815 0.33089470863342285 108
1747362573371 0.31909146904945374 109
1747362620989 0.31624630093574524 110
1747362668561 0.3133191168308258 111
1747362715791 0.30546170473098755 112
1747362763162 0.4276135265827179 113
1747362810591 0.3521660566329956 114
1747362858027 0.3911397457122803 115
1747362905614 0.4442639946937561 116
1747362953447 0.40209445357322693 117
1747363000945 0.3722347319126129 118
1747363048784 0.33783572912216187 119
1747363096190 0.3228197693824768 120
1747363143666 0.30776453018188477 121
1747363191039 0.3100443482398987 122
1747363239200 0.31097641587257385 123
1747363286399 0.30668124556541443 124
1747363333769 0.3562186658382416 125
1747363381178 0.3589271903038025 126
1747363428883 0.3287792205810547 127
1747363476227 0.34049442410469055 128
1747363523655 0.3409654498100281 129
1747363572201 0.30854853987693787 130
1747363620235 0.33368614315986633 131
1747363667525 0.34163588285446167 132
1747363714924 0.33425018191337585 133
1747363762829 0.31859922409057617 134
1747363810298 0.29977551102638245 135
1747363857927 0.3630076050758362 136
1747363905456 0.33843377232551575 137
1747363952776 0.3340997099876404 138
1747364000182 0.32209619879722595 139
1747364047602 0.33753249049186707 140
1747364094834 0.32307806611061096 141
1747364142449 0.3163181245326996 142
1747364189793 0.29876455664634705 143
1747364237224 0.2962759733200073 144
1747364284593 0.29339221119880676 145
1747364332081 0.29174426198005676 146
1747364379401 0.2985025644302368 147
1747364426770 0.30317166447639465 148
1747364474205 0.3057355582714081 149
1747364521513 0.3176601529121399 150
1747364568900 0.295213907957077 151
1747364616195 0.28947514295578003 152
1747364663674 0.30587294697761536 153
1747364711121 0.3141782879829407 154
1747364758404 0.29123321175575256 155
1747364806036 0.2995404303073883 156
1747364853625 0.2958719730377197 157
1747364901397 0.307979553937912 158
1747364948890 0.28987717628479004 159
1747364996370 0.28254514932632446 160
1747365043551 0.28837206959724426 161
1747365091125 0.2934684157371521 162
1747365138811 0.2819436490535736 163
1747365186082 0.2922268211841583 164
1747365233491 0.2871243357658386 165
1747365281418 0.28097885847091675 166
1747365329037 0.28195565938949585 167
1747365377490 0.2845565974712372 168
1747365424883 0.2894243597984314 169
1747365472537 0.27571117877960205 170
1747365520133 0.2789265215396881 171
1747365567415 0.2792648673057556 172
1747365614711 0.27454444766044617 173
1747365662302 0.2720334529876709 174
1747365709573 0.27248916029930115 175
1747365756858 0.2709760367870331 176
1747365804221 0.2676108479499817 177
1747365851505 0.27152153849601746 178
1747365898852 0.27366456389427185 179
1747365946547 0.26554474234580994 180
1747365993823 0.2690700590610504 181
1747366041283 0.26684194803237915 182
1747366088672 0.27152150869369507 183
1747366136095 0.26505032181739807 184
1747366183458 0.2677544057369232 185
1747366230854 0.2709442675113678 186
1747366278049 0.2641710937023163 187
1747366325386 0.2728966772556305 188
1747366373152 0.26910093426704407 189
1747366420674 0.2728278338909149 190
1747366468019 0.26687321066856384 191
1747366515757 0.2662878632545471 192
1747366563044 0.2682550549507141 193
1747366610671 0.2634612023830414 194
1747366657945 0.26702335476875305 195
1747366705690 0.2643369734287262 196
1747366753238 0.2606690227985382 197
1747366801210 0.2592710852622986 198
1747366848657 0.259450763463974 199
1747366896069 0.259306937456131 200
1747366943355 0.2643468677997589 201
1747366990706 0.2599524259567261 202
1747367038202 0.2638140022754669 203
1747367085484 0.2665460705757141 204
1747367132854 0.27230188250541687 205
1747367180247 0.2566033601760864 206
1747367227709 0.25656622648239136 207
1747367275173 0.25839465856552124 208
1747367322502 0.26685601472854614 209
1747367369878 0.26034507155418396 210
1747367417240 0.25584709644317627 211
1747367464746 0.26120322942733765 212
1747367512016 0.25751930475234985 213
1747367559599 0.25870490074157715 214
1747367606879 0.25735801458358765 215
1747367654142 0.2538197934627533 216
1747367701956 0.2606099545955658 217
1747367749438 0.2528092563152313 218
1747367796995 0.2532177269458771 219
1747367844727 0.25911781191825867 220
1747367893882 0.2531629502773285 221
1747367941580 0.263845294713974 222
1747367988970 0.2566540539264679 223
1747368036257 0.2521952688694 224
1747368083874 0.2598063051700592 225
1747368131282 0.25504884123802185 226
1747368178584 0.25129440426826477 227
1747368226141 0.2518094480037689 228
1747368273611 0.2529861330986023 229
1747368320903 0.2477400004863739 230
1747368368260 0.24969875812530518 231
1747368415555 0.2536396384239197 232
1747368462887 0.2490193247795105 233
1747368510802 0.2531254291534424 234
1747368558172 0.2525995969772339 235
1747368605530 0.2505461871623993 236
1747368653059 0.2528536319732666 237
1747368700489 0.2508554756641388 238
1747368747816 0.2533268928527832 239
1747368795164 0.2634919583797455 240
1747368842596 0.25409436225891113 241
1747368890447 0.2517501413822174 242
1747368937851 0.25235727429389954 243
1747368985144 0.2529367506504059 244
1747369032743 0.2482072412967682 245
1747369080164 0.252262145280838 246
1747369127720 0.2563461363315582 247
1747369175113 0.2513488233089447 248
1747369222713 0.2598923444747925 249
